Profile - Inst/Cycles combined
  %[i]   cumulative[i]    self[i]   total[i]     %[c]   cumulative[c]    self[c]   total[c]   self[us]  total[us]     ipc     cpi   symbol
 16.54           16.54      86172      86172    14.15           14.15      86232      86232      862.3      862.3   0.999   1.001   strcpy
 12.15           28.68      63291     510433    14.04           28.19      85608     597440      856.1     5974.4   0.854   1.170   main
 10.36           49.98      54000      90000    11.65           39.84      71038     113048      710.4     1130.5   0.796   1.256   Proc_1
 10.94           39.62      57000      57000    10.67           50.51      65018      65018      650.2      650.2   0.877   1.141   strcmp
  6.00           55.98      31272      41316     5.69           56.20      34708      46440      347.1      464.4   0.890   1.124   _write
  5.37           61.36      28000      90000     5.58           61.78      34020     104044      340.2     1040.4   0.865   1.156   Func_2
  4.88           66.24      25428      25428     4.94           66.72      30096      30096      301.0      301.0   0.845   1.184   __udivsi3
  3.83           82.82      19968      61284     4.29           71.00      26128      72568      261.3      725.7   0.845   1.184   __puts_uart
  4.12           75.15      21475      90087     4.23           75.23      25764     107038      257.6     1070.4   0.842   1.188   mini_vpprintf
  4.80           71.03      25000      25000     4.10           79.33      25010      25010      250.1      250.1   1.000   1.000   Proc_8
  3.84           78.99      20000      23000     3.61           82.94      22012      25012      220.1      250.1   0.920   1.087   Proc_6
  2.30           88.00      12000      12000     2.95           85.90      18006      18006      180.1      180.1   0.666   1.500   Proc_7
  2.88           85.70      15000      15000     2.46           88.36      15008      15008      150.1      150.1   0.999   1.001   Func_1
  1.73           95.42       9000       9000     2.13           90.49      12998      12998      130.0      130.0   0.692   1.444   Proc_3
  2.04           90.04      10616      10616     1.97           92.47      12033      12033      120.3      120.3   0.882   1.133   clear_bss_w_loop
  1.93           91.97      10044      10044     1.92           94.39      11732      11732      117.3      117.3   0.856   1.168   send_byte_uart0
  1.73           93.70       9000       9000     1.48           95.87       9006       9006       90.1       90.1   0.999   1.001   Proc_2
  1.73           97.15       9000       9000     1.48           97.34       9000       9000       90.0       90.0   1.000   1.000   Proc_4
total instructions : 521118
total cycles : 609603
total time : 6096.03
clk MHz : 100.0
time unit : us
CPI : 1.17
IPC : 0.855

(Showing top 18 of 40 entries after filtering - Threshold: 1%)
