00fff117
fff10113
01000197
ff818193
01500293
02200313
0062e3b3
00730433
407304b3
00731533
00732433
007334b3
00734533
00735433
407354b3
00736533
00737433
01028593
01032613
0103b593
01044613
0104e593
0102f613
00331693
0033d693
40345693
00500023
00601223
00702423
00000783
00401803
00802883
00004903
00405983
00300a13
00300a93
06730063
04731e63
04734c63
04a4da63
04956863
04737663
018000ef
00000013
00000013
00000013
00000013
00000013
028080e7
00000013
00000013
00000013
00000013
000c81b7
000e9197
00000013
00000013
00000013
00000013
0000006f
fb5a06e3